データ日時,発電量(kwh),消費量(kwh),売電量(kwh),買電量(kwh)
2025/01/22 00:00,0,0.82,0,0.84
2025/01/22 01:00,0,0.74,0,0.77
2025/01/22 02:00,0,0.87,0,0.9
2025/01/22 03:00,0,1.97,0,2
2025/01/22 04:00,0,1.18,0,1.21
2025/01/22 05:00,0,1.12,0,1.15
2025/01/22 06:00,0,0.88,0,0.91
2025/01/22 07:00,0.17,1.8,0,1.63
2025/01/22 08:00,0.84,1.19,0,0.63
2025/01/22 09:00,2.92,0.66,0.2,0
2025/01/22 10:00,4.12,0.68,0.24,0
2025/01/22 11:00,5.63,0.65,4.07,0
2025/01/22 12:00,4.83,0.82,4.02,0
2025/01/22 13:00,4.06,0.65,3.41,0
2025/01/22 14:00,1.59,1.37,0.43,0
2025/01/22 15:00,1.02,1.13,0.41,0
2025/01/22 16:00,0.07,2.2,0.01,0.01
2025/01/22 17:00,0,1.73,0.01,0
2025/01/22 18:00,0,1.04,0.01,0.2
2025/01/22 19:00,0,1.16,0,1.19
2025/01/22 20:00,0,0.97,0,1
2025/01/22 21:00,0,1.97,0,2
2025/01/22 22:00,0,0.76,0,0.79
2025/01/22 23:00,0,0.79,0,0.81
2025/01/23 00:00,0,0.7,0,0.72
2025/01/23 01:00,0,0.63,0,0.66
2025/01/23 02:00,0,1.64,0,1.67
2025/01/23 03:00,0,0.99,0,1.01
2025/01/23 04:00,0,1.14,0,1.17
2025/01/23 05:00,0,0.85,0,0.88
2025/01/23 06:00,0,0.72,0,0.75
2025/01/23 07:00,0.04,1.59,0,1.56
2025/01/23 08:00,0.29,1.73,0,1.45
2025/01/23 09:00,1.43,0.66,0,0.06
2025/01/23 10:00,3.28,0.65,0.3,0
2025/01/23 11:00,1.8,0.72,0.01,0
2025/01/23 12:00,0.92,0.66,0.01,0.01
2025/01/23 13:00,0.61,0.64,0.01,0
2025/01/23 14:00,0.55,2.17,0.01,0
2025/01/23 15:00,0.18,2.53,0,0.67
2025/01/23 16:00,0,2.36,0,2.37
2025/01/23 17:00,0,1.2,0,1.24
2025/01/23 18:00,0,1.26,0,1.31
2025/01/23 19:00,0,1.11,0,1.15
2025/01/23 20:00,0,0.9,0,0.93
2025/01/23 21:00,0,1.49,0,1.53
2025/01/23 22:00,0,0.93,0,0.97
2025/01/23 23:00,0,0.73,0,0.76
2025/01/24 00:00,0,0.71,0,0.75
2025/01/24 01:00,0,1.66,0,1.69
2025/01/24 02:00,0,0.66,0,0.7
2025/01/24 03:00,0,1.02,0,1.07
2025/01/24 04:00,0,0.93,0,0.97
2025/01/24 05:00,0,0.91,0,0.95
2025/01/24 06:00,0,2.41,0,2.44
2025/01/24 07:00,0.37,1.5,0,1.15
2025/01/24 08:00,2.1,0.55,0.31,0
2025/01/24 09:00,2.1,0.68,0.19,0
2025/01/24 10:00,3.68,0.64,0.51,0.01
2025/01/24 11:00,2.18,0.67,0.41,0
2025/01/24 12:00,1.24,0.87,0.49,0
2025/01/24 13:00,2.49,1.43,0.83,0
2025/01/24 14:00,3.44,0.6,2.84,0
2025/01/24 15:00,1.88,1.36,1.05,0
2025/01/24 16:00,0.14,2.6,0.01,0.01
2025/01/24 17:00,0,2.19,0.01,0.01
2025/01/24 18:00,0,1.09,0,1.01
2025/01/24 19:00,0,1.31,0,1.34
2025/01/24 20:00,0,0.92,0,0.95
2025/01/24 21:00,0,0.85,0,0.88
2025/01/24 22:00,0,0.67,0,0.7
2025/01/24 23:00,0,0.85,0,0.88
2025/01/25 00:00,0,0.76,0,0.79
2025/01/25 01:00,0,0.96,0,0.99
2025/01/25 02:00,0,0.83,0,0.87
2025/01/25 03:00,0,1.09,0,1.12
2025/01/25 04:00,0,1.04,0,1.08
2025/01/25 05:00,0,1.27,0,1.31
2025/01/25 06:00,0,2.06,0,2.09
2025/01/25 07:00,0.34,1.18,0,0.85
2025/01/25 08:00,2.39,1.3,0.03,0.06
2025/01/25 09:00,4.75,1.01,1.01,0
2025/01/25 10:00,5.67,0.91,2.16,0
2025/01/25 11:00,4.84,1.45,3.4,0
2025/01/25 12:00,4.71,0.62,4.09,0
2025/01/25 13:00,5.11,0.63,4.48,0
2025/01/25 14:00,3.44,0.6,2.85,0
2025/01/25 15:00,1.11,1.4,0.48,0
2025/01/25 16:00,0.16,2.41,0.01,0.02
2025/01/25 17:00,0,2.8,0.01,0.74
2025/01/25 18:00,0,3.57,0,3.6
2025/01/25 19:00,0,2.27,0,2.31
2025/01/25 20:00,0,0.87,0,0.91
2025/01/25 21:00,0,0.87,0,0.91
2025/01/25 22:00,0,0.84,0,0.87
2025/01/25 23:00,0,0.79,0,0.83
2025/01/26 00:00,0,0.85,0,0.89
2025/01/26 01:00,0,0.75,0,0.79
2025/01/26 02:00,0,1.13,0,1.17
2025/01/26 03:00,0,0.93,0,0.97
2025/01/26 04:00,0,0.64,0,0.67
2025/01/26 05:00,0,0.95,0,0.99
2025/01/26 06:00,0,0.67,0,0.71
2025/01/26 07:00,0,0.82,0,0.85
2025/01/26 08:00,0.01,0.78,0,0.78
2025/01/26 09:00,0.1,0.69,0,0.6
2025/01/26 10:00,0.67,0.61,0,0.14
2025/01/26 11:00,2.14,1.29,0.13,0.02
2025/01/26 12:00,3.51,0.87,0.31,0.02
2025/01/26 13:00,4.88,0.68,1.31,0
2025/01/26 14:00,2.12,1.96,0.55,0
2025/01/26 15:00,0.71,2.53,0.01,0
2025/01/26 16:00,0.18,2.26,0.01,0.01
2025/01/26 17:00,0,3.08,0,2.24
2025/01/26 18:00,0,3.82,0,3.86
2025/01/26 19:00,0,2.05,0,2.09
2025/01/26 20:00,0,1.29,0,1.33
2025/01/26 21:00,0,0.97,0,1.01
2025/01/26 22:00,0,0.73,0,0.76
2025/01/26 23:00,0,0.81,0,0.85
2025/01/27 00:00,0,0.79,0,0.83
2025/01/27 01:00,0,1.09,0,1.13
2025/01/27 02:00,0,1.01,0,1.05
2025/01/27 03:00,0,0.91,0,0.95
2025/01/27 04:00,0,1.23,0,1.27
2025/01/27 05:00,0,1.07,0,1.11
2025/01/27 06:00,0,1.4,0,1.43
2025/01/27 07:00,0.55,1.07,0,0.6
2025/01/27 08:00,2.76,0.92,0.3,0
2025/01/27 09:00,4.77,0.99,0.79,0
2025/01/27 10:00,5.68,0.73,3.38,0
2025/01/27 11:00,6.02,0.68,5.34,0
2025/01/27 12:00,6.17,0.73,5.44,0
2025/01/27 13:00,5.36,0.68,4.68,0
2025/01/27 14:00,3.65,0.66,2.99,0
2025/01/27 15:00,1.91,0.62,1.29,0
2025/01/27 16:00,0.18,2.37,0.01,0
2025/01/27 17:00,0,2.62,0,0.01
2025/01/27 18:00,0,1.66,0,1.31
2025/01/27 19:00,0,1.19,0,1.21
2025/01/27 20:00,0,1.31,0,1.34
2025/01/27 21:00,0,1.49,0,1.52
2025/01/27 22:00,0,1.16,0,1.19
2025/01/27 23:00,0,0.93,0,0.96
2025/01/28 00:00,0,1.11,0,1.14
2025/01/28 01:00,0,1.3,0,1.33
2025/01/28 02:00,0,1.91,0,1.94
2025/01/28 03:00,0,1.02,0,1.05
2025/01/28 04:00,0,1.25,0,1.28
2025/01/28 05:00,0,1.06,0,1.1
2025/01/28 06:00,0,2.35,0,2.38
2025/01/28 07:00,0.46,2.33,0,1.88
2025/01/28 08:00,2.67,0.92,0.35,0
2025/01/28 09:00,4.83,1,1.64,0
2025/01/28 10:00,2.34,0.77,0.04,0.01
2025/01/28 11:00,2.57,0.87,0.5,0
2025/01/28 12:00,2.43,1.69,0.88,0
2025/01/28 13:00,1.57,0.7,0.88,0
2025/01/28 14:00,0.69,0.72,0.16,0
2025/01/28 15:00,0.54,1.23,0,0
2025/01/28 16:00,0.19,2.52,0.01,0.01
2025/01/28 17:00,0,2.5,0,0.73
2025/01/28 18:00,0,2.69,0,2.72
2025/01/28 19:00,0,2.56,0,2.59
2025/01/28 20:00,0,1.28,0,1.31
2025/01/28 21:00,0,1.08,0,1.11
2025/01/28 22:00,0,0.75,0,0.78
2025/01/28 23:00,0,0.76,0,0.79
2025/01/29 00:00,0,0.71,0,0.74
2025/01/29 01:00,0,0.91,0,0.94
2025/01/29 02:00,0,0.92,0,0.94
2025/01/29 03:00,0,0.63,0,0.66
2025/01/29 04:00,0,1.07,0,1.09
2025/01/29 05:00,0,0.78,0,0.81
2025/01/29 06:00,0,1.24,0,1.27
2025/01/29 07:00,0,1.05,0,1.07
2025/01/29 08:00,0,0.59,0,0.63
2025/01/29 09:00,0,0.67,0,0.7
2025/01/29 10:00,0,0.73,0,0.75
2025/01/29 11:00,0,0.64,0,0.66
2025/01/29 12:00,0.01,0.99,0,0.99
2025/01/29 13:00,0.01,0.58,0,0.58
2025/01/29 14:00,0,1.2,0,1.21
2025/01/29 15:00,0,2.75,0,2.79
2025/01/29 16:00,0,2.8,0,2.84
2025/01/29 17:00,0,2.53,0,2.57
2025/01/29 18:00,0,1.4,0,1.44
2025/01/29 19:00,0,1.57,0,1.61
2025/01/29 20:00,0,1.24,0,1.28
2025/01/29 21:00,0,1.45,0,1.49
2025/01/29 22:00,0,1.16,0,1.19
2025/01/29 23:00,0,1.25,0,1.29
2025/01/30 00:00,0,1.88,0,1.92
2025/01/30 01:00,0,1.03,0,1.07
2025/01/30 02:00,0,1.13,0,1.17
2025/01/30 03:00,0,1.2,0,1.23
2025/01/30 04:00,0,1.87,0,1.91
2025/01/30 05:00,0,1.45,0,1.49
2025/01/30 06:00,0,1.12,0,1.16
2025/01/30 07:00,0,2.68,0,2.71
2025/01/30 08:00,0,1.3,0,1.32
2025/01/30 09:00,0.02,0.65,0,0.64
2025/01/30 10:00,0.04,0.74,0,0.71
2025/01/30 11:00,0.02,0.65,0,0.65
2025/01/30 12:00,0.01,0.72,0,0.72
2025/01/30 13:00,0.05,0.76,0,0.72
2025/01/30 14:00,0.03,1.43,0,1.41
2025/01/30 15:00,0,2.79,0,2.8
2025/01/30 16:00,0,2.69,0,2.72
2025/01/30 17:00,0,1.82,0,1.86
2025/01/30 18:00,0,1.66,0,1.7
2025/01/30 19:00,0,1.44,0,1.48
2025/01/30 20:00,0,1.25,0,1.29
2025/01/30 21:00,0,1.31,0,1.34
2025/01/30 22:00,0,1.38,0,1.42
2025/01/30 23:00,0,1.06,0,1.1
2025/01/31 00:00,0,1.05,0,1.08
2025/01/31 01:00,0,2.12,0,2.15
2025/01/31 02:00,0,0.76,0,0.8
2025/01/31 03:00,0,1.12,0,1.15
2025/01/31 04:00,0,1.07,0,1.11
2025/01/31 05:00,0,1.03,0,1.07
2025/01/31 06:00,0,2.7,0,2.74
2025/01/31 07:00,0,1.45,0,1.48
2025/01/31 08:00,0.01,0.66,0,0.66
2025/01/31 09:00,0.11,0.84,0,0.73
2025/01/31 10:00,0.07,0.81,0,0.75
2025/01/31 11:00,0.08,0.67,0,0.6
2025/01/31 12:00,0.05,0.75,0,0.71
2025/01/31 13:00,0.06,0.8,0,0.75
2025/01/31 14:00,0.06,1.12,0,1.07
2025/01/31 15:00,0.03,2.9,0,2.89
2025/01/31 16:00,0,2.67,0,2.71
2025/01/31 17:00,0,1.91,0,1.95
2025/01/31 18:00,0,1.6,0,1.64
2025/01/31 19:00,0,1.31,0,1.35
2025/01/31 20:00,0,1.13,0,1.17
2025/01/31 21:00,0,1.08,0,1.12
2025/01/31 22:00,0,1.07,0,1.11
2025/01/31 23:00,0,1.15,0,1.19
2025/02/01 00:00,0,1.04,0,1.08
2025/02/01 01:00,0,1.03,0,1.07
2025/02/01 02:00,0,0.96,0,1
2025/02/01 03:00,0,1,0,1.04
2025/02/01 04:00,0,1.11,0,1.14
2025/02/01 05:00,0,1.09,0,1.13
2025/02/01 06:00,0,1.8,0,1.84
2025/02/01 07:00,0,1.61,0,1.64
2025/02/01 08:00,0,0.96,0,0.97
2025/02/01 09:00,0.01,0.75,0,0.75
2025/02/01 10:00,0.04,0.93,0,0.9
2025/02/01 11:00,0.13,2.09,0,1.97
2025/02/01 12:00,0.08,1.81,0,1.73
2025/02/01 13:00,0.08,1.06,0,0.99
2025/02/01 14:00,0.08,1.17,0,1.11
2025/02/01 15:00,0.01,3.01,0,3.01
2025/02/01 16:00,0,2.96,0,2.99
2025/02/01 17:00,0,3.26,0,3.3
2025/02/01 18:00,0,3.35,0,3.39
2025/02/01 19:00,0,2.52,0,2.56
2025/02/01 20:00,0,1.12,0,1.16
2025/02/01 21:00,0,1.07,0,1.11
2025/02/01 22:00,0,1.01,0,1.05
2025/02/01 23:00,0,1.13,0,1.16
2025/02/02 00:00,0,1.03,0,1.07
2025/02/02 01:00,0,0.91,0,0.94
2025/02/02 02:00,0,1.04,0,1.08
2025/02/02 03:00,0,1.33,0,1.37
2025/02/02 04:00,0,1.24,0,1.28
2025/02/02 05:00,0,1.11,0,1.15
2025/02/02 06:00,0,1.2,0,1.24
2025/02/02 07:00,0,1.14,0,1.15
2025/02/02 08:00,0.06,1,0,0.95
2025/02/02 09:00,0.15,1.48,0,1.34
2025/02/02 10:00,0.22,1.31,0,1.1
2025/02/02 11:00,0.25,0.96,0,0.72
2025/02/02 12:00,0.27,0.74,0,0.49
2025/02/02 13:00,0.31,0.69,0,0.39
2025/02/02 14:00,0.27,0.64,0,0.39
2025/02/02 15:00,0.13,1.56,0,1.44
2025/02/02 16:00,0.01,2.78,0,2.78
2025/02/02 17:00,0,3.66,0,3.7
2025/02/02 18:00,0,3.43,0,3.47
2025/02/02 19:00,0,3.14,0,3.18
2025/02/02 20:00,0,1.3,0,1.34
2025/02/02 21:00,0,1.39,0,1.43
2025/02/02 22:00,0,1.02,0,1.06
2025/02/02 23:00,0,1.16,0,1.2
2025/02/03 00:00,0,0.97,0,1.01
2025/02/03 01:00,0,0.95,0,0.99
2025/02/03 02:00,0,1.17,0,1.21
2025/02/03 03:00,0,0.97,0,1.01
2025/02/03 04:00,0,1.29,0,1.33
2025/02/03 05:00,0,1.08,0,1.12
2025/02/03 06:00,0,1.14,0,1.18
2025/02/03 07:00,0.02,1.27,0,1.26
2025/02/03 08:00,0.11,0.96,0,0.86
2025/02/03 09:00,0.21,0.98,0,0.78
2025/02/03 10:00,0.3,1.13,0,0.84
2025/02/03 11:00,0.15,0.76,0,0.62
2025/02/03 12:00,0.22,0.87,0,0.66
2025/02/03 13:00,0.15,0.73,0,0.59
2025/02/03 14:00,0.09,0.86,0,0.77
2025/02/03 15:00,0.03,2.1,0,2.09
2025/02/03 16:00,0,2.66,0,2.69
2025/02/03 17:00,0,1.85,0,1.89
2025/02/03 18:00,0,1.3,0,1.34
2025/02/03 19:00,0,1.32,0,1.36
2025/02/03 20:00,0,1.18,0,1.22
2025/02/03 21:00,0,1.21,0,1.24
2025/02/03 22:00,0,0.81,0,0.85
2025/02/03 23:00,0,1.08,0,1.12
2025/02/04 00:00,0,1.39,0,1.43
2025/02/04 01:00,0,0.9,0,0.94
2025/02/04 02:00,0,1.05,0,1.08
2025/02/04 03:00,0,0.76,0,0.8
2025/02/04 04:00,0,1.1,0,1.14
2025/02/04 05:00,0,0.91,0,0.95
2025/02/04 06:00,0,2.51,0,2.55
2025/02/04 07:00,0,0.96,0,0.97
2025/02/04 08:00,0.11,0.65,0,0.55
2025/02/04 09:00,0.19,0.79,0,0.61
2025/02/04 10:00,0.36,0.68,0,0.4
2025/02/04 11:00,0.44,0.78,0,0.35
2025/02/04 12:00,0.21,1.58,0,1.37
2025/02/04 13:00,0.16,0.89,0,0.72
2025/02/04 14:00,0.13,0.9,0,0.77
2025/02/04 15:00,0.06,3,0,2.94
2025/02/04 16:00,0,2.79,0,2.8
2025/02/04 17:00,0,2.2,0,2.23
2025/02/04 18:00,0,1.39,0,1.42
2025/02/04 19:00,0,1.55,0,1.58
2025/02/04 20:00,0,1.35,0,1.39
2025/02/04 21:00,0,1.69,0,1.73
2025/02/04 22:00,0,1.46,0,1.5
2025/02/04 23:00,0,1.08,0,1.12
2025/02/05 00:00,0,2.21,0,2.25
2025/02/05 01:00,0,1.13,0,1.17
2025/02/05 02:00,0,1.14,0,1.18
2025/02/05 03:00,0,1.08,0,1.12
2025/02/05 04:00,0,1.33,0,1.37
2025/02/05 05:00,0,1.18,0,1.22
2025/02/05 06:00,0,3.33,0,3.37
2025/02/05 07:00,0,1.77,0,1.81
2025/02/05 08:00,0,1.12,0,1.15
2025/02/05 09:00,0,1.25,0,1.29
2025/02/05 10:00,0,1.12,0,1.15
2025/02/05 11:00,0,1.1,0,1.13
2025/02/05 12:00,0,0.93,0,0.97
2025/02/05 13:00,0,2.21,0,2.24
2025/02/05 14:00,0,1.08,0,1.11
2025/02/05 15:00,0,3.26,0,3.3
2025/02/05 16:00,0,3.2,0,3.24
2025/02/05 17:00,0,2.28,0,2.32
2025/02/05 18:00,0,1.53,0,1.57
2025/02/05 19:00,0,1.55,0,1.59
2025/02/05 20:00,0,1.44,0,1.47
2025/02/05 21:00,0,1.71,0,1.75
2025/02/05 22:00,0,1.28,0,1.32
2025/02/05 23:00,0,2.24,0,2.28
2025/02/06 00:00,0,1.23,0,1.26
2025/02/06 01:00,0,1.18,0,1.22
2025/02/06 02:00,0,1.18,0,1.22
2025/02/06 03:00,0,1.27,0,1.31
2025/02/06 04:00,0,1.27,0,1.31
2025/02/06 05:00,0,1.93,0,1.97
2025/02/06 06:00,0,2.77,0,2.81
2025/02/06 07:00,0,1.14,0,1.18
2025/02/06 08:00,0,1.02,0,1.06
2025/02/06 09:00,0,1.32,0,1.36
2025/02/06 10:00,0,1.1,0,1.13
2025/02/06 11:00,0,2.62,0,2.65
2025/02/06 12:00,0,1.09,0,1.12
2025/02/06 13:00,0,0.97,0,1
2025/02/06 14:00,0,1.22,0,1.26
2025/02/06 15:00,0,3.39,0,3.43
2025/02/06 16:00,0,3.02,0,3.06
2025/02/06 17:00,0,2.49,0,2.53
2025/02/06 18:00,0,1.65,0,1.69
2025/02/06 19:00,0,1.33,0,1.37
2025/02/06 20:00,0,1.57,0,1.61
2025/02/06 21:00,0,1.46,0,1.5
2025/02/06 22:00,0,1.16,0,1.19
2025/02/06 23:00,0,1.19,0,1.23
2025/02/07 00:00,0,2.33,0,2.37
2025/02/07 01:00,0,1.11,0,1.15
2025/02/07 02:00,0,1.17,0,1.21
2025/02/07 03:00,0,1.13,0,1.17
2025/02/07 04:00,0,1.31,0,1.35
2025/02/07 05:00,0,1.26,0,1.3
2025/02/07 06:00,0,3.21,0,3.25
2025/02/07 07:00,0,1.27,0,1.31
2025/02/07 08:00,0,0.9,0,0.94
2025/02/07 09:00,0,0.94,0,0.97
2025/02/07 10:00,0,1.1,0,1.14
2025/02/07 11:00,0,1.09,0,1.13
2025/02/07 12:00,0,1.05,0,1.08
2025/02/07 13:00,0,2.11,0,2.15
2025/02/07 14:00,0,1.05,0,1.09
2025/02/07 15:00,0,3.17,0,3.21
2025/02/07 16:00,0,3.16,0,3.2
2025/02/07 17:00,0,1.97,0,2.01
2025/02/07 18:00,0,1.65,0,1.69
2025/02/07 19:00,0,1.42,0,1.46
2025/02/07 20:00,0,1.11,0,1.14
2025/02/07 21:00,0,1.31,0,1.35
2025/02/07 22:00,0,1.15,0,1.19
2025/02/07 23:00,0,1.26,0,1.29
2025/02/08 00:00,0,1.3,0,1.34
2025/02/08 01:00,0,1.35,0,1.39
2025/02/08 02:00,0,3,0,3.04
2025/02/08 03:00,0,1.29,0,1.33
2025/02/08 04:00,0,1.47,0,1.51
2025/02/08 05:00,0,1.31,0,1.34
2025/02/08 06:00,0,1.43,0,1.47
2025/02/08 07:00,0,2.05,0,2.08
2025/02/08 08:00,0,1.9,0,1.93
2025/02/08 09:00,0,1.15,0,1.18
2025/02/08 10:00,0,0.97,0,1
2025/02/08 11:00,0,0.94,0,0.96
2025/02/08 12:00,0,1.02,0,1.05
2025/02/08 13:00,0,2.06,0,2.09
2025/02/08 14:00,0,1.54,0,1.58
2025/02/08 15:00,0,2.26,0,2.29
2025/02/08 16:00,0,3.06,0,3.09
2025/02/08 17:00,0,3.18,0,3.22
2025/02/08 18:00,0,4.07,0,4.11
2025/02/08 19:00,0,3.52,0,3.56
2025/02/08 20:00,0,1.3,0,1.34
2025/02/08 21:00,0,1.09,0,1.13
2025/02/08 22:00,0,1.25,0,1.29
2025/02/08 23:00,0,1.04,0,1.08
2025/02/09 00:00,0,1.25,0,1.29
2025/02/09 01:00,0,1.12,0,1.16
2025/02/09 02:00,0,1.15,0,1.19
2025/02/09 03:00,0,1.17,0,1.21
2025/02/09 04:00,0,1.15,0,1.19
2025/02/09 05:00,0,1.22,0,1.25
2025/02/09 06:00,0,1.2,0,1.24
2025/02/09 07:00,0,1.21,0,1.25
2025/02/09 08:00,0,1.13,0,1.16
2025/02/09 09:00,0,1.08,0,1.11
2025/02/09 10:00,0,1.06,0,1.09
2025/02/09 11:00,0,1.11,0,1.13
2025/02/09 12:00,0,0.97,0,0.99
2025/02/09 13:00,0,0.78,0,0.8
2025/02/09 14:00,0,0.63,0,0.65
2025/02/09 15:00,0,1.32,0,1.35
2025/02/09 16:00,0,2.7,0,2.74
2025/02/09 17:00,0,3.26,0,3.3
2025/02/09 18:00,0,3.26,0,3.3
2025/02/09 19:00,0,3.11,0,3.15
2025/02/09 20:00,0,1.43,0,1.47
2025/02/09 21:00,0,1.02,0,1.06
2025/02/09 22:00,0,1.1,0,1.14
2025/02/09 23:00,0,1.19,0,1.22
2025/02/10 00:00,0,1.04,0,1.08
2025/02/10 01:00,0,1.03,0,1.07
2025/02/10 02:00,0,1.01,0,1.04
2025/02/10 03:00,0,1.16,0,1.2
2025/02/10 04:00,0,1.24,0,1.28
2025/02/10 05:00,0,1.15,0,1.19
2025/02/10 06:00,0,1.49,0,1.53
2025/02/10 07:00,0,1.17,0,1.2
2025/02/10 08:00,0,0.87,0,0.89
2025/02/10 09:00,0,1.09,0,1.12
2025/02/10 10:00,0,1.12,0,1.14
2025/02/10 11:00,0,0.85,0,0.86
2025/02/10 12:00,0,0.84,0,0.85
2025/02/10 13:00,0,0.73,0,0.75
2025/02/10 14:00,0,0.9,0,0.93
2025/02/10 15:00,0,2.91,0,2.94
2025/02/10 16:00,0,2.66,0,2.7
2025/02/10 17:00,0,1.89,0,1.93
2025/02/10 18:00,0,1.96,0,2
2025/02/10 19:00,0,1.37,0,1.41
2025/02/10 20:00,0,1.2,0,1.24
2025/02/10 21:00,0,0.98,0,1.02
2025/02/10 22:00,0,1.05,0,1.09
2025/02/10 23:00,0,1.06,0,1.1
2025/02/11 00:00,0,1.26,0,1.29
2025/02/11 01:00,0,2.13,0,2.17
2025/02/11 02:00,0,1.09,0,1.13
2025/02/11 03:00,0,1.02,0,1.06
2025/02/11 04:00,0,0.98,0,1.02
2025/02/11 05:00,0,2.18,0,2.22
2025/02/11 06:00,0,1.24,0,1.28
2025/02/11 07:00,0,1.1,0,1.13
2025/02/11 08:00,0,1.32,0,1.34
2025/02/11 09:00,0,1.32,0,1.33
2025/02/11 10:00,0,1.54,0,1.54
2025/02/11 11:00,0.02,1.48,0,1.47
2025/02/11 12:00,0.02,0.97,0,0.96
2025/02/11 13:00,0.01,0.81,0,0.82
2025/02/11 14:00,0,0.96,0,0.97
2025/02/11 15:00,0,2.93,0,2.95
2025/02/11 16:00,0,2.76,0,2.8
2025/02/11 17:00,0,3.33,0,3.37
2025/02/11 18:00,0,4.25,0,4.29
2025/02/11 19:00,0,3.09,0,3.13
2025/02/11 20:00,0,1.53,0,1.57
2025/02/11 21:00,0,1.43,0,1.47
2025/02/11 22:00,0,1.13,0,1.17
2025/02/11 23:00,0,1.11,0,1.15
2025/02/12 00:00,0,0.92,0,0.96
2025/02/12 01:00,0,0.99,0,1.03
2025/02/12 02:00,0,0.93,0,0.97
2025/02/12 03:00,0,1.05,0,1.09
2025/02/12 04:00,0,1.07,0,1.11
2025/02/12 05:00,0,1.32,0,1.36
2025/02/12 06:00,0,1.05,0,1.09
2025/02/12 07:00,0,1.1,0,1.13
2025/02/12 08:00,0,0.93,0,0.95
2025/02/12 09:00,0.01,0.84,0,0.84
2025/02/12 10:00,0.01,0.67,0,0.67
2025/02/12 11:00,0,0.82,0,0.84
2025/02/12 12:00,0,0.77,0,0.79
2025/02/12 13:00,0,0.78,0,0.79
2025/02/12 14:00,0,0.85,0,0.88
2025/02/12 15:00,0,0.79,0,0.8
2025/02/12 16:00,0,2.87,0,2.9
2025/02/12 17:00,0,2.21,0,2.25
2025/02/12 18:00,0,1.86,0,1.9
2025/02/12 19:00,0,1.21,0,1.25
2025/02/12 20:00,0,1.11,0,1.14
2025/02/12 21:00,0,1.3,0,1.34
2025/02/12 22:00,0,1.04,0,1.08
2025/02/12 23:00,0,0.92,0,0.96
2025/02/13 00:00,0,0.98,0,1.02
2025/02/13 01:00,0,0.68,0,0.72
2025/02/13 02:00,0,0.99,0,1.03
2025/02/13 03:00,0,0.95,0,0.99
2025/02/13 04:00,0,1.26,0,1.29
2025/02/13 05:00,0,2.24,0,2.28
2025/02/13 06:00,0,2.15,0,2.19
2025/02/13 07:00,0,1.05,0,1.09
2025/02/13 08:00,0,0.88,0,0.92
2025/02/13 09:00,0,0.92,0,0.95
2025/02/13 10:00,0,0.74,0,0.75
2025/02/13 11:00,0,0.75,0,0.76
2025/02/13 12:00,0.01,0.92,0,0.91
2025/02/13 13:00,0.01,1.86,0,1.86
2025/02/13 14:00,0,0.95,0,0.97
2025/02/13 15:00,0,3.14,0,3.16
2025/02/13 16:00,0,2.96,0,2.99
2025/02/13 17:00,0,2.26,0,2.3
2025/02/13 18:00,0,1.83,0,1.87
2025/02/13 19:00,0,1.46,0,1.49
2025/02/13 20:00,0,1.46,0,1.5
2025/02/13 21:00,0,1.47,0,1.51
2025/02/13 22:00,0,1.12,0,1.16
2025/02/13 23:00,0,1.07,0,1.11
2025/02/14 00:00,0,2.16,0,2.2
2025/02/14 01:00,0,1.1,0,1.14
2025/02/14 02:00,0,1.05,0,1.09
2025/02/14 03:00,0,1.13,0,1.17
2025/02/14 04:00,0,1.28,0,1.32
2025/02/14 05:00,0,0.94,0,0.98
2025/02/14 06:00,0,2.5,0,2.54
2025/02/14 07:00,0,1.2,0,1.23
2025/02/14 08:00,0,0.72,0,0.75
2025/02/14 09:00,0,0.86,0,0.87
2025/02/14 10:00,0.01,0.8,0,0.8
2025/02/14 11:00,0.03,1.18,0,1.16
2025/02/14 12:00,0.03,1.26,0,1.24
2025/02/14 13:00,0.04,0.68,0,0.65
2025/02/14 14:00,0.02,0.83,0,0.83
2025/02/14 15:00,0,2.79,0,2.81
2025/02/14 16:00,0,2.53,0,2.56
2025/02/14 17:00,0,1.84,0,1.88
2025/02/14 18:00,0,1.21,0,1.25
2025/02/14 19:00,0,0.97,0,1.01
2025/02/14 20:00,0,1.14,0,1.18
2025/02/14 21:00,0,0.87,0,0.91
2025/02/14 22:00,0,0.92,0,0.96
2025/02/14 23:00,0,0.71,0,0.75
2025/02/15 00:00,0,0.88,0,0.92
2025/02/15 01:00,0,0.84,0,0.88
2025/02/15 02:00,0,0.96,0,1
2025/02/15 03:00,0,0.84,0,0.88
2025/02/15 04:00,0,1.85,0,1.89
2025/02/15 05:00,0,0.97,0,1.01
2025/02/15 06:00,0,0.81,0,0.85
2025/02/15 07:00,0,1.09,0,1.11
2025/02/15 08:00,0.03,0.94,0,0.92
2025/02/15 09:00,0.06,2.83,0,2.78
2025/02/15 10:00,0.1,0.67,0,0.59
2025/02/15 11:00,0.15,0.93,0,0.8
2025/02/15 12:00,0.18,0.64,0,0.47
2025/02/15 13:00,0.17,0.62,0,0.45
2025/02/15 14:00,0.16,0.62,0,0.47
2025/02/15 15:00,0.09,1.59,0,1.52
2025/02/15 16:00,0.01,2.32,0,2.33
2025/02/15 17:00,0,2.44,0,2.48
2025/02/15 18:00,0,0.9,0,0.94
2025/02/15 19:00,0,0.82,0,0.86
2025/02/15 20:00,0,0.78,0,0.82
2025/02/15 21:00,0,1.01,0,1.04
2025/02/15 22:00,0,0.85,0,0.89
2025/02/15 23:00,0,0.89,0,0.93
2025/02/16 00:00,0,0.95,0,0.99
2025/02/16 01:00,0,1,0,1.04
2025/02/16 02:00,0,1.05,0,1.09
2025/02/16 03:00,0,1.03,0,1.07
2025/02/16 04:00,0,0.99,0,1.03
2025/02/16 05:00,0,1.18,0,1.22
2025/02/16 06:00,0,1.23,0,1.26
2025/02/16 07:00,0.03,1.1,0,1.08
2025/02/16 08:00,0.08,0.7,0,0.63
2025/02/16 09:00,0.08,0.65,0,0.58
2025/02/16 10:00,0.16,0.58,0,0.44
2025/02/16 11:00,0.19,1.02,0,0.85
2025/02/16 12:00,0.23,0.84,0,0.63
2025/02/16 13:00,0.25,0.62,0,0.4
2025/02/16 14:00,0.48,1.92,0,1.46
2025/02/16 15:00,0.46,2.21,0,1.74
2025/02/16 16:00,0.1,2.84,0,2.74
2025/02/16 17:00,0,3.14,0,3.17
2025/02/16 18:00,0,3.46,0,3.49
2025/02/16 19:00,0,2.51,0,2.55
2025/02/16 20:00,0,0.8,0,0.84
2025/02/16 21:00,0,0.84,0,0.88
2025/02/16 22:00,0,0.86,0,0.9
2025/02/16 23:00,0,0.85,0,0.88
2025/02/17 00:00,0,0.95,0,0.99
2025/02/17 01:00,0,0.82,0,0.86
2025/02/17 02:00,0,0.76,0,0.8
2025/02/17 03:00,0,0.73,0,0.77
2025/02/17 04:00,0,0.89,0,0.93
2025/02/17 05:00,0,0.69,0,0.73
2025/02/17 06:00,0,0.83,0,0.86
2025/02/17 07:00,0.11,0.99,0,0.89
2025/02/17 08:00,0.59,0.65,0,0.14
2025/02/17 09:00,1.04,0.68,0,0.33
2025/02/17 10:00,1.53,0.64,0.01,0.01
2025/02/17 11:00,1.85,0.59,0.01,0.01
2025/02/17 12:00,0.83,0.79,0.01,0.01
2025/02/17 13:00,0.19,0.69,0.01,0
2025/02/17 14:00,0.38,0.64,0.01,0
2025/02/17 15:00,0.21,2.44,0,1.33
2025/02/17 16:00,0.06,2.12,0,2.07
2025/02/17 17:00,0,1.24,0,1.27
2025/02/17 18:00,0,1.79,0,1.83
2025/02/17 19:00,0,1.26,0,1.3
2025/02/17 20:00,0,1.64,0,1.68
2025/02/17 21:00,0,2.11,0,2.15
2025/02/17 22:00,0,1.17,0,1.21
2025/02/17 23:00,0,0.91,0,0.95
2025/02/18 00:00,0,1.18,0,1.22
2025/02/18 01:00,0,1.08,0,1.12
2025/02/18 02:00,0,1.12,0,1.16
2025/02/18 03:00,0,2.01,0,2.05
2025/02/18 04:00,0,1.06,0,1.1
2025/02/18 05:00,0,1.27,0,1.31
2025/02/18 06:00,0.03,1.19,0,1.19
2025/02/18 07:00,0.65,1.12,0,0.49
2025/02/18 08:00,1.47,1.91,0.1,0.86
2025/02/18 09:00,2.07,0.99,0.52,0.01
2025/02/18 10:00,2.71,0.79,0.78,0
2025/02/18 11:00,4.11,0.96,0.87,0.01
2025/02/18 12:00,5.13,1.32,2.34,0.01
2025/02/18 13:00,5.54,1.94,3.49,0
2025/02/18 14:00,4.53,0.91,3.62,0
2025/02/18 15:00,2.24,3.13,0.32,0
2025/02/18 16:00,0.25,2.74,0.01,0.01
2025/02/18 17:00,0,1.81,0,0.29
2025/02/18 18:00,0,1.72,0,1.74
2025/02/18 19:00,0,1.63,0,1.66
2025/02/18 20:00,0,1.37,0,1.4
2025/02/18 21:00,0,2.96,0,2.98
2025/02/18 22:00,0,1.12,0,1.15
2025/02/18 23:00,0,1.15,0,1.18
2025/02/19 00:00,0,1.15,0,1.17
2025/02/19 01:00,0,1.18,0,1.21
2025/02/19 02:00,0,1.98,0,2.01
2025/02/19 03:00,0,1.29,0,1.32
2025/02/19 04:00,0,1.45,0,1.47
2025/02/19 05:00,0,1.16,0,1.19
2025/02/19 06:00,0.01,1.39,0,1.39
2025/02/19 07:00,0.17,2.78,0,2.62
2025/02/19 08:00,0.43,1.47,0,1.05
2025/02/19 09:00,1.51,1.03,0.24,0.19
2025/02/19 10:00,6.63,1.12,4.21,0
2025/02/19 11:00,7.41,1.21,4.29,0
2025/02/19 12:00,7.37,1.75,3.03,0
2025/02/19 13:00,3.87,0.83,2.84,0
2025/02/19 14:00,3.81,1.19,2.62,0
2025/02/19 15:00,4.66,2.74,1.92,0
2025/02/19 16:00,0.78,2.48,0.01,0
2025/02/19 17:00,0.04,1.38,0.01,0
2025/02/19 18:00,0,1.27,0.01,0.01
2025/02/19 19:00,0,1.56,0.01,0.68
2025/02/19 20:00,0,1.28,0,1.31
2025/02/19 21:00,0,1.53,0,1.57
2025/02/19 22:00,0,1.07,0,1.11
2025/02/19 23:00,0,1.16,0,1.2
2025/02/20 00:00,0,1.29,0,1.33
2025/02/20 01:00,0,1.02,0,1.06
2025/02/20 02:00,0,1.2,0,1.23
2025/02/20 03:00,0,1.1,0,1.14
2025/02/20 04:00,0,2.4,0,2.44
2025/02/20 05:00,0,1.17,0,1.21
2025/02/20 06:00,0.02,1.11,0,1.11
2025/02/20 07:00,0.48,1.03,0,0.63
2025/02/20 08:00,2.64,0.93,0.89,0.18
2025/02/20 09:00,6.47,0.83,3.09,0
2025/02/20 10:00,7.24,0.96,3.55,0
2025/02/20 11:00,7.6,1.92,5.68,0
2025/02/20 12:00,7.62,0.81,6.81,0
2025/02/20 13:00,6.95,0.7,6.25,0
2025/02/20 14:00,5.49,1.02,4.47,0
2025/02/20 15:00,3.36,2.84,0.79,0
2025/02/20 16:00,1.04,2.44,0.01,0
2025/02/20 17:00,0.05,2.45,0.01,0.02
2025/02/20 18:00,0,1.15,0.01,0.01
2025/02/20 19:00,0,1.29,0,1.32
2025/02/20 20:00,0,1.4,0,1.43
2025/02/20 21:00,0,1.21,0,1.24
2025/02/20 22:00,0,0.99,0,1.02
2025/02/20 23:00,0,0.97,0,0.99
2025/02/21 00:00,0,1.03,0,1.05
2025/02/21 01:00,0,0.93,0,0.96
2025/02/21 02:00,0,1.01,0,1.03
2025/02/21 03:00,0,1.06,0,1.09
2025/02/21 04:00,0,1.18,0,1.21
2025/02/21 05:00,0,0.94,0,0.97
2025/02/21 06:00,0.05,2.22,0,2.18
2025/02/21 07:00,1.5,1.15,0.03,0.28
2025/02/21 08:00,2.35,0.77,0.36,0
2025/02/21 09:00,4.28,0.79,1.17,0
2025/02/21 10:00,4.25,0.75,1.22,0
2025/02/21 11:00,3.81,0.73,3.07,0
2025/02/21 12:00,6.22,1.52,4.72,0
2025/02/21 13:00,4.22,0.7,3.52,0
2025/02/21 14:00,1.1,0.87,0.45,0
2025/02/21 15:00,0.5,2.88,0.01,0.01
2025/02/21 16:00,0.22,2.7,0.01,0
2025/02/21 17:00,0,2.27,0,2.28
2025/02/21 18:00,0,1.18,0,1.21
2025/02/21 19:00,0,1.32,0,1.35
2025/02/21 20:00,0,1.09,0,1.12
2025/02/21 21:00,0,1.11,0,1.14
2025/02/21 22:00,0,1.19,0,1.21
2025/02/21 23:00,0,0.95,0,0.98
2025/02/22 00:00,0,0.99,0,1.02
2025/02/22 01:00,0,1.13,0,1.16
2025/02/22 02:00,0,1.29,0,1.32
2025/02/22 03:00,0,1.12,0,1.15
2025/02/22 04:00,0,1.94,0,1.97
2025/02/22 05:00,0,1.13,0,1.16
2025/02/22 06:00,0,1.33,0,1.35
2025/02/22 07:00,0.17,1.3,0,1.15
2025/02/22 08:00,0.63,0.99,0,0.38
2025/02/22 09:00,1.54,2.65,0,1.2
2025/02/22 10:00,2.85,1.57,0.22,0.11
2025/02/22 11:00,7.5,1.14,3.6,0
2025/02/22 12:00,5,0.73,2.01,0
2025/02/22 13:00,6.56,2.07,4.43,0
2025/02/22 14:00,5.52,0.86,4.66,0
2025/02/22 15:00,4.07,2.54,1.54,0
2025/02/22 16:00,0.71,2.35,0.03,0
2025/02/22 17:00,0.05,3.47,0.01,0.21
2025/02/22 18:00,0,4.14,0,4.17
2025/02/22 19:00,0,2.52,0,2.56
2025/02/22 20:00,0,1.15,0,1.18
2025/02/22 21:00,0,0.96,0,1
2025/02/22 22:00,0,0.96,0,1
2025/02/22 23:00,0,1.05,0,1.09
2025/02/23 00:00,0,1.05,0,1.09
2025/02/23 01:00,0,1.1,0,1.13
2025/02/23 02:00,0,1.1,0,1.14
2025/02/23 03:00,0,1.02,0,1.06
2025/02/23 04:00,0,1.17,0,1.21
2025/02/23 05:00,0,0.91,0,0.95
2025/02/23 06:00,0,1.12,0,1.14
2025/02/23 07:00,0.07,1.41,0,1.34
2025/02/23 08:00,0.5,1.03,0,0.55
2025/02/23 09:00,0.99,1.35,0,0.46
2025/02/23 10:00,3.5,1.1,1.33,0.18
2025/02/23 11:00,4.38,0.74,0.96,0
2025/02/23 12:00,3.95,0.58,1.45,0
2025/02/23 13:00,6.19,0.75,5.45,0
2025/02/23 14:00,2.99,0.65,2.34,0
2025/02/23 15:00,2.81,1.31,1.67,0
2025/02/23 16:00,0.49,2.91,0.01,0.01
2025/02/23 17:00,0.03,2.3,0,0
2025/02/23 18:00,0,0.98,0,0.57
2025/02/23 19:00,0,1.12,0,1.15
2025/02/23 20:00,0,1.25,0,1.28
2025/02/23 21:00,0,1.43,0,1.46
2025/02/23 22:00,0,1.09,0,1.11
2025/02/23 23:00,0,1.05,0,1.08
2025/02/24 00:00,0,1.06,0,1.08
2025/02/24 01:00,0,1.11,0,1.13
2025/02/24 02:00,0,1.25,0,1.28
2025/02/24 03:00,0,1.15,0,1.18
2025/02/24 04:00,0,1.19,0,1.22
2025/02/24 05:00,0,1.18,0,1.21
2025/02/24 06:00,0.07,1.16,0,1.1
2025/02/24 07:00,1.39,1.58,0.02,0.6
2025/02/24 08:00,4.32,1.11,1.96,0
2025/02/24 09:00,6.35,1.24,3.23,0
2025/02/24 10:00,7.45,1.59,3.32,0
2025/02/24 11:00,7.76,2.53,4.83,0
2025/02/24 12:00,7.11,1.21,5.91,0
2025/02/24 13:00,2.8,0.8,1.99,0
2025/02/24 14:00,3.81,2.59,1.22,0
2025/02/24 15:00,1.76,2.68,0.02,0
2025/02/24 16:00,0.73,2.4,0.01,0
2025/02/24 17:00,0.02,1.22,0,0.01
2025/02/24 18:00,0,1.76,0.01,0.38
2025/02/24 19:00,0,1.18,0,1.22
2025/02/24 20:00,0,1.38,0,1.42
2025/02/24 21:00,0,2,0,2.04
2025/02/24 22:00,0,0.97,0,1.01
2025/02/24 23:00,0,1.03,0,1.06
2025/02/25 00:00,0,0.93,0,0.97
2025/02/25 01:00,0,0.93,0,0.97
2025/02/25 02:00,0,1.08,0,1.12
2025/02/25 03:00,0,1.22,0,1.25
2025/02/25 04:00,0,1.19,0,1.23
2025/02/25 05:00,0,1.21,0,1.25
2025/02/25 06:00,0.01,2.22,0,2.23
2025/02/25 07:00,0.62,0.92,0,0.43
2025/02/25 08:00,2.13,0.66,0.1,0
2025/02/25 09:00,2.05,0.82,0.16,0.01
2025/02/25 10:00,7.52,0.73,3.26,0
2025/02/25 11:00,7.06,0.68,6.19,0
2025/02/25 12:00,6.02,0.73,5.29,0
2025/02/25 13:00,5.28,0.98,4.33,0
2025/02/25 14:00,2.39,1.18,1.23,0
2025/02/25 15:00,0.58,1.71,0.03,0
2025/02/25 16:00,0.2,2.49,0,0
2025/02/25 17:00,0.02,2.49,0,0.79
2025/02/25 18:00,0,1,0,1.04
2025/02/25 19:00,0,1.54,0,1.58
2025/02/25 20:00,0,0.85,0,0.89
2025/02/25 21:00,0,1.23,0,1.26
2025/02/25 22:00,0,1.03,0,1.07
2025/02/25 23:00,0,0.67,0,0.71
2025/02/26 00:00,0,0.82,0,0.85
2025/02/26 01:00,0,0.75,0,0.79
2025/02/26 02:00,0,0.82,0,0.86
2025/02/26 03:00,0,0.74,0,0.78
2025/02/26 04:00,0,0.95,0,0.99
2025/02/26 05:00,0,0.76,0,0.8
2025/02/26 06:00,0,1.83,0,1.84
2025/02/26 07:00,1.06,0.63,0.01,0.1
2025/02/26 08:00,0.89,0.68,0.1,0
2025/02/26 09:00,4.83,0.62,0.46,0
2025/02/26 10:00,6.42,0.66,3.86,0
2025/02/26 11:00,5.32,0.75,4.57,0
2025/02/26 12:00,3.85,1.26,2.6,0
2025/02/26 13:00,3.23,0.63,2.6,0
2025/02/26 14:00,3.86,1.15,2.73,0
2025/02/26 15:00,2.46,2.52,0.44,0
2025/02/26 16:00,0.89,2.37,0.01,0.01
2025/02/26 17:00,0.02,1.24,0,0
2025/02/26 18:00,0,1.49,0.01,0.02
2025/02/26 19:00,0,1.71,0,1.2
2025/02/26 20:00,0,1.3,0,1.34
2025/02/26 21:00,0,1.87,0,1.9
2025/02/26 22:00,0,0.82,0,0.86
2025/02/26 23:00,0,0.85,0,0.89
2025/02/27 00:00,0,0.86,0,0.9
2025/02/27 01:00,0,0.81,0,0.85
2025/02/27 02:00,0,1.68,0,1.72
2025/02/27 03:00,0,0.85,0,0.89
2025/02/27 04:00,0,0.79,0,0.83
2025/02/27 05:00,0,0.9,0,0.94
2025/02/27 06:00,0.14,0.9,0,0.77
2025/02/27 07:00,1.96,1.82,0.03,0.74
2025/02/27 08:00,4.93,0.63,0.83,0
2025/02/27 09:00,6.59,0.71,3.83,0
2025/02/27 10:00,7.22,0.69,6.53,0
2025/02/27 11:00,7.49,0.58,6.91,0
2025/02/27 12:00,7.33,1.51,5.82,0
2025/02/27 13:00,7.08,0.61,6.47,0
2025/02/27 14:00,5.32,0.63,4.69,0
2025/02/27 15:00,3.31,1.79,1.64,0
2025/02/27 16:00,1.07,2.25,0.01,0.01
2025/02/27 17:00,0.04,1.8,0.01,0.01
2025/02/27 18:00,0,0.88,0.01,0.01
2025/02/27 19:00,0,1.54,0.01,0.34
2025/02/27 20:00,0,0.95,0,0.99
2025/02/27 21:00,0,1.03,0,1.07
2025/02/27 22:00,0,1.61,0,1.65
2025/02/27 23:00,0,0.65,0,0.69
2025/02/28 00:00,0,0.67,0,0.71
2025/02/28 01:00,0,0.73,0,0.77
2025/02/28 02:00,0,0.6,0,0.64
2025/02/28 03:00,0,0.69,0,0.73
2025/02/28 04:00,0,0.94,0,0.98
2025/02/28 05:00,0,0.7,0,0.74
2025/02/28 06:00,0.01,1.64,0,1.65
2025/02/28 07:00,0.97,0.71,0,0.2
2025/02/28 08:00,1.29,0.59,0.01,0
2025/02/28 09:00,4.56,0.64,0.49,0.01
2025/02/28 10:00,5.8,0.63,3.47,0
2025/02/28 11:00,7.01,0.58,6.43,0
2025/02/28 12:00,6.82,1.34,5.48,0
2025/02/28 13:00,5.06,0.53,4.53,0
2025/02/28 14:00,4.59,0.56,4.03,0
2025/02/28 15:00,2.79,1.49,1.45,0
2025/02/28 16:00,0.9,2.15,0.01,0.01
2025/02/28 17:00,0.06,1.54,0,0.01
2025/02/28 18:00,0,0.66,0,0
2025/02/28 19:00,0,1.16,0.01,0.02
2025/02/28 20:00,0,0.7,0,0
2025/02/28 21:00,0,0.64,0,0.55
2025/02/28 22:00,0,0.6,0,0.63
2025/02/28 23:00,0,0.7,0,0.73
2025/03/01 00:00,0,0.64,0,0.66
2025/03/01 01:00,0,1.62,0,1.65
2025/03/01 02:00,0,0.59,0,0.62
2025/03/01 03:00,0,0.71,0,0.74
2025/03/01 04:00,0,0.59,0,0.62
2025/03/01 05:00,0,0.89,0,0.92
2025/03/01 06:00,0.1,0.69,0,0.6
2025/03/01 07:00,1.25,0.68,0.01,0.08
2025/03/01 08:00,2.82,1.62,0.03,0.01
2025/03/01 09:00,5.81,0.88,0.4,0
2025/03/01 10:00,6.84,0.57,5.74,0
2025/03/01 11:00,7.32,0.45,6.87,0
2025/03/01 12:00,7.08,1.35,5.73,0
2025/03/01 13:00,6.16,0.47,5.69,0
2025/03/01 14:00,4.65,0.53,4.12,0
2025/03/01 15:00,2.82,1.44,1.73,0
2025/03/01 16:00,0.45,2.13,0,0.01
2025/03/01 17:00,0.01,1.18,0.01,0
2025/03/01 18:00,0,0.52,0.01,0.01
2025/03/01 19:00,0,0.44,0.01,0
2025/03/01 20:00,0,1.24,0.01,0.12
2025/03/01 21:00,0,1.49,0,1.52
2025/03/01 22:00,0,0.44,0,0.47
2025/03/01 23:00,0,0.49,0,0.52
2025/03/02 00:00,0,0.41,0,0.44
2025/03/02 01:00,0,0.42,0,0.44
2025/03/02 02:00,0,0.49,0,0.52
2025/03/02 03:00,0,0.53,0,0.55
2025/03/02 04:00,0,1.4,0,1.43
2025/03/02 05:00,0,0.55,0,0.58
2025/03/02 06:00,0.06,0.52,0,0.47
2025/03/02 07:00,0.93,0.64,0,0.1
2025/03/02 08:00,3.42,0.82,0.16,0.01
2025/03/02 09:00,0.57,0.68,0.01,0
2025/03/02 10:00,1.04,1.25,0.04,0.01
2025/03/02 11:00,0.7,0.56,0.01,0
2025/03/02 12:00,1.42,0.63,0.01,0
2025/03/02 13:00,4.55,0.55,0.8,0.01
2025/03/02 14:00,4.32,0.61,3.64,0
2025/03/02 15:00,2.77,1.67,1.15,0
2025/03/02 16:00,0.9,2.13,0.01,0.01
2025/03/02 17:00,0.04,1.41,0.01,0.01
2025/03/02 18:00,0,0.43,0,0
2025/03/02 19:00,0,1.14,0.01,0.02
2025/03/02 20:00,0,0.91,0.01,0.02
2025/03/02 21:00,0,1.12,0,0.73
2025/03/02 22:00,0,0.75,0,0.79
2025/03/02 23:00,0,0.53,0,0.57
2025/03/03 00:00,0,0.52,0,0.56
2025/03/03 01:00,0,0.73,0,0.76
2025/03/03 02:00,0,0.56,0,0.6
2025/03/03 03:00,0,0.65,0,0.69
2025/03/03 04:00,0,1.47,0,1.51
2025/03/03 05:00,0,0.93,0,0.97
2025/03/03 06:00,0.05,1.01,0,0.97
2025/03/03 07:00,0.46,0.9,0,0.5
2025/03/03 08:00,1.35,0.93,0,0.04
2025/03/03 09:00,2.66,1.81,0.23,0
2025/03/03 10:00,4.87,0.8,0.28,0
2025/03/03 11:00,5.88,0.78,3.26,0
2025/03/03 12:00,5.65,0.76,4.89,0
2025/03/03 13:00,3.73,0.78,2.96,0
2025/03/03 14:00,2.95,1.16,1.83,0
2025/03/03 15:00,2.28,2.75,0.29,0
2025/03/03 16:00,1.24,2.41,0.01,0.01
2025/03/03 17:00,0.08,1.83,0.01,0
2025/03/03 18:00,0,0.73,0.01,0.01
2025/03/03 19:00,0,1.69,0.01,0.96
2025/03/03 20:00,0,1.13,0,1.17
2025/03/03 21:00,0,1.32,0,1.36
2025/03/03 22:00,0,1.06,0,1.1
2025/03/03 23:00,0,0.95,0,0.99
2025/03/04 00:00,0,0.93,0,0.97
2025/03/04 01:00,0,0.99,0,1.03
2025/03/04 02:00,0,2.12,0,2.16
2025/03/04 03:00,0,1.05,0,1.09
2025/03/04 04:00,0,1.04,0,1.08
2025/03/04 05:00,0,1.06,0,1.1
2025/03/04 06:00,0.15,1.27,0,1.13
2025/03/04 07:00,1.24,2.14,0,1.06
2025/03/04 08:00,3.44,1.01,1.15,0
2025/03/04 09:00,5.58,1.11,2.38,0
2025/03/04 10:00,6.41,0.87,2.81,0
2025/03/04 11:00,7.15,0.84,6.3,0
2025/03/04 12:00,7.09,0.77,6.32,0
2025/03/04 13:00,6.05,0.82,5.23,0
2025/03/04 14:00,3.27,1.7,1.57,0
2025/03/04 15:00,1.29,1.25,0.5,0
2025/03/04 16:00,0.35,2.6,0.01,0
2025/03/04 17:00,0.02,2.2,0.01,0.01
2025/03/04 18:00,0,0.66,0,0.33
2025/03/04 19:00,0,1.65,0,1.68
2025/03/04 20:00,0,0.77,0,0.79
2025/03/04 21:00,0,1.12,0,1.15
2025/03/04 22:00,0,0.78,0,0.81
2025/03/04 23:00,0,0.9,0,0.93
2025/03/05 00:00,0,0.83,0,0.86
2025/03/05 01:00,0,0.87,0,0.9
2025/03/05 02:00,0,0.84,0,0.87
2025/03/05 03:00,0,0.9,0,0.93
2025/03/05 04:00,0,1.5,0,1.53
2025/03/05 05:00,0,2.16,0,2.19
2025/03/05 06:00,0,1.42,0,1.45
2025/03/05 07:00,0,0.87,0,0.89
2025/03/05 08:00,0,0.84,0,0.85
2025/03/05 09:00,0,0.76,0,0.76
2025/03/05 10:00,0,0.91,0,0.92
2025/03/05 11:00,0,1.29,0,1.29
2025/03/05 12:00,0.01,1.46,0,1.45
2025/03/05 13:00,0,0.76,0,0.77
2025/03/05 14:00,0,1.19,0,1.21
2025/03/05 15:00,0,2.72,0,2.74
2025/03/05 16:00,0,2.82,0,2.84
2025/03/05 17:00,0,2.57,0,2.6
2025/03/05 18:00,0,1.54,0,1.57
2025/03/05 19:00,0,1.09,0,1.12
2025/03/05 20:00,0,1.19,0,1.22
2025/03/05 21:00,0,1.03,0,1.06
2025/03/05 22:00,0,0.79,0,0.82
2025/03/05 23:00,0,0.64,0,0.67
2025/03/06 00:00,0,0.65,0,0.69
2025/03/06 01:00,0,0.63,0,0.67
2025/03/06 02:00,0,0.9,0,0.94
2025/03/06 03:00,0,1.64,0,1.68
2025/03/06 04:00,0,0.84,0,0.88
2025/03/06 05:00,0,0.68,0,0.72
2025/03/06 06:00,0,0.78,0,0.81
2025/03/06 07:00,0.01,0.77,0,0.78
2025/03/06 08:00,0.11,0.76,0,0.66
2025/03/06 09:00,0.24,1.62,0,1.39
2025/03/06 10:00,0.5,0.81,0,0.32
2025/03/06 11:00,2.01,0.64,0.14,0.01
2025/03/06 12:00,3.45,0.74,0.17,0
2025/03/06 13:00,2.58,0.7,0.01,0
2025/03/06 14:00,1.91,0.84,0.14,0
2025/03/06 15:00,1.39,2.56,0.01,0
2025/03/06 16:00,0.69,2.52,0.01,0.01
2025/03/06 17:00,0.05,1.79,0,0
2025/03/06 18:00,0,0.69,0,0.03
2025/03/06 19:00,0,0.97,0,1
2025/03/06 20:00,0,1.28,0,1.32
2025/03/06 21:00,0,0.97,0,1.01
2025/03/06 22:00,0,0.65,0,0.68
2025/03/06 23:00,0,0.62,0,0.66
2025/03/07 00:00,0,0.73,0,0.77
2025/03/07 01:00,0,0.63,0,0.67
2025/03/07 02:00,0,0.64,0,0.68
2025/03/07 03:00,0,0.71,0,0.75
2025/03/07 04:00,0,0.86,0,0.9
2025/03/07 05:00,0,1.29,0,1.33
2025/03/07 06:00,0,2.44,0,2.46
2025/03/07 07:00,0.2,0.8,0,0.62
2025/03/07 08:00,1.21,0.96,0.01,0.22
2025/03/07 09:00,5.29,0.73,1.93,0
2025/03/07 10:00,7.67,0.76,3.51,0
2025/03/07 11:00,6.32,0.74,5.52,0
2025/03/07 12:00,6.68,0.72,5.95,0
2025/03/07 13:00,7.75,0.78,6.97,0
2025/03/07 14:00,6.61,1.29,5.32,0
2025/03/07 15:00,4.24,2.72,1.52,0
2025/03/07 16:00,1.61,2.61,0.02,0.01
2025/03/07 17:00,0.07,1.65,0.01,0.01
2025/03/07 18:00,0,0.76,0.01,0.01
2025/03/07 19:00,0,1.31,0.01,0.13
2025/03/07 20:00,0,1.3,0,1.68
2025/03/07 21:00,0,1.29,0,1.32
2025/03/07 22:00,0,0.88,0,0.91
2025/03/07 23:00,0,0.83,0,0.86
2025/03/08 00:00,0,0.87,0,0.9
2025/03/08 01:00,0,1.01,0,1.04
2025/03/08 02:00,0,0.82,0,0.85
2025/03/08 03:00,0,0.97,0,1
2025/03/08 04:00,0,2.02,0,2.04
2025/03/08 05:00,0,0.87,0,0.9
2025/03/08 06:00,0.25,0.92,0,0.67
2025/03/08 07:00,1.98,1.03,0.03,0.23
2025/03/08 08:00,4.32,1.19,0.75,0
2025/03/08 09:00,5.8,1.11,2.92,0
2025/03/08 10:00,6.59,0.68,5.92,0
2025/03/08 11:00,6.89,1.75,5.13,0
2025/03/08 12:00,5.78,0.68,5.1,0
2025/03/08 13:00,4.96,0.68,4.28,0
2025/03/08 14:00,4.22,0.7,3.52,0
2025/03/08 15:00,2.68,2.28,0.6,0
2025/03/08 16:00,0.85,2.47,0.01,0
2025/03/08 17:00,0.06,2.03,0.01,0
2025/03/08 18:00,0,0.7,0,0
2025/03/08 19:00,0,1.25,0,0.57
2025/03/08 20:00,0,0.84,0,0.88
2025/03/08 21:00,0,0.69,0,0.72
2025/03/08 22:00,0,0.8,0,0.84
2025/03/08 23:00,0,1.06,0,1.1
2025/03/09 00:00,0,0.76,0,0.8
2025/03/09 01:00,0,0.92,0,0.96
2025/03/09 02:00,0,0.89,0,0.93
2025/03/09 03:00,0,0.87,0,0.91
2025/03/09 04:00,0,0.86,0,0.9
2025/03/09 05:00,0,0.95,0,0.99
2025/03/09 06:00,0.27,1.01,0,0.75
2025/03/09 07:00,1.94,1.99,0,0.52
2025/03/09 08:00,3.81,1.34,0.45,0
2025/03/09 09:00,6.56,1.06,1.77,0
2025/03/09 10:00,7.57,0.87,6.58,0
2025/03/09 11:00,8,1.45,6.55,0
2025/03/09 12:00,7.65,1.75,5.9,0
2025/03/09 13:00,5.68,0.62,5.06,0
2025/03/09 14:00,5.87,1.3,4.57,0
2025/03/09 15:00,3.95,1.94,2.08,0
2025/03/09 16:00,1.56,2.9,0.01,0.06
2025/03/09 17:00,0.13,2.61,0.01,0.04
2025/03/09 18:00,0,2.86,0,1.6
2025/03/09 19:00,0,2.1,0,2.14
2025/03/09 20:00,0,1.17,0,1.21
2025/03/09 21:00,0,0.84,0,0.88
2025/03/09 22:00,0,0.69,0,0.73
2025/03/09 23:00,0,0.61,0,0.65
2025/03/10 00:00,0,0.55,0,0.58
2025/03/10 01:00,0,0.82,0,0.86
2025/03/10 02:00,0,0.7,0,0.74
2025/03/10 03:00,0,0.81,0,0.85
2025/03/10 04:00,0,1.02,0,1.05
2025/03/10 05:00,0,0.86,0,0.9
2025/03/10 06:00,0.38,0.82,0,0.5
2025/03/10 07:00,2.21,0.91,0.08,0.03
2025/03/10 08:00,5.02,0.76,0.5,0
2025/03/10 09:00,6.73,0.72,4.89,0
2025/03/10 10:00,7.7,0.69,7.02,0
2025/03/10 11:00,7.81,0.64,7.18,0
2025/03/10 12:00,6.93,0.61,6.32,0
2025/03/10 13:00,7.11,0.61,6.49,0
2025/03/10 14:00,5.76,0.57,5.19,0
2025/03/10 15:00,3.83,1.4,2.43,0
2025/03/10 16:00,1.49,2.18,0.04,0.01
2025/03/10 17:00,0.1,1.43,0.01,0.01
2025/03/10 18:00,0,0.65,0.01,0.01
2025/03/10 19:00,0,1.51,0.01,0.02
2025/03/10 20:00,0,0.91,0.01,0
2025/03/10 21:00,0,0.98,0,0.76
2025/03/10 22:00,0,0.62,0,0.65
2025/03/10 23:00,0,0.6,0,0.63
2025/03/11 00:00,0,0.57,0,0.61
2025/03/11 01:00,0,1.17,0,1.2
2025/03/11 02:00,0,0.91,0,0.95
2025/03/11 03:00,0,0.62,0,0.66
2025/03/11 04:00,0,0.82,0,0.86
2025/03/11 05:00,0,0.6,0,0.63
2025/03/11 06:00,0.12,0.59,0,0.48
2025/03/11 07:00,1.54,0.6,0,0.03
2025/03/11 08:00,4.64,1.53,0.26,0.01
2025/03/11 09:00,4.9,0.61,1.57,0
2025/03/11 10:00,6.73,0.63,6.1,0
2025/03/11 11:00,6.81,0.56,6.25,0
2025/03/11 12:00,6.78,0.57,6.21,0
2025/03/11 13:00,7.58,0.52,7.07,0
2025/03/11 14:00,5.65,0.55,5.1,0
2025/03/11 15:00,3.49,1.45,2.07,0
2025/03/11 16:00,1.17,2.14,0.02,0.01
2025/03/11 17:00,0.13,1.33,0.01,0.01
2025/03/11 18:00,0,0.79,0.01,0.02
2025/03/11 19:00,0,1.19,0.01,0.01
2025/03/11 20:00,0,0.77,0,0
2025/03/11 21:00,0,0.83,0,0.32
2025/03/11 22:00,0,0.46,0,0.49
2025/03/11 23:00,0,0.5,0,0.53
2025/03/12 00:00,0,1.33,0,1.36
2025/03/12 01:00,0,0.55,0,0.58
2025/03/12 02:00,0,0.49,0,0.52
2025/03/12 03:00,0,0.48,0,0.51
2025/03/12 04:00,0,0.77,0,0.8
2025/03/12 05:00,0,0.52,0,0.54
2025/03/12 06:00,0.35,1.95,0,1.65
2025/03/12 07:00,2.16,0.63,0.01,0
2025/03/12 08:00,4.89,0.77,0.24,0
2025/03/12 09:00,5.93,0.61,4.02,0
2025/03/12 10:00,5.88,0.59,5.29,0
2025/03/12 11:00,6.6,1.12,5.48,0
2025/03/12 12:00,6.05,0.51,5.55,0
2025/03/12 13:00,5.24,0.52,4.72,0
2025/03/12 14:00,3.97,0.49,3.48,0
2025/03/12 15:00,3.07,1.04,2.07,0
2025/03/12 16:00,0.8,2.1,0.01,0.01
2025/03/12 17:00,0.17,1.11,0.01,0.01
2025/03/12 18:00,0,0.61,0.01,0.04
2025/03/12 19:00,0,0.57,0.01,0.01
2025/03/12 20:00,0,0.92,0.01,0.01
2025/03/12 21:00,0,1.14,0.01,0.16
2025/03/12 22:00,0,0.46,0,0.49
2025/03/12 23:00,0,0.49,0,0.52
2025/03/13 00:00,0,0.46,0,0.49
2025/03/13 01:00,0,0.46,0,0.49
2025/03/13 02:00,0,0.45,0,0.48
2025/03/13 03:00,0,0.51,0,0.54
2025/03/13 04:00,0,0.68,0,0.71
2025/03/13 05:00,0,0.56,0,0.59
2025/03/13 06:00,0.06,0.56,0,0.5
2025/03/13 07:00,0.66,0.49,0,0.04
2025/03/13 08:00,3.56,0.61,0.23,0.01
2025/03/13 09:00,3.27,0.54,0.22,0.02
2025/03/13 10:00,5.79,0.55,4.06,0
2025/03/13 11:00,7.8,0.56,7.24,0
2025/03/13 12:00,6.91,0.49,6.42,0
2025/03/13 13:00,7.46,0.5,6.96,0
2025/03/13 14:00,6.66,1.26,5.4,0
2025/03/13 15:00,4.95,2.08,2.86,0
2025/03/13 16:00,2.12,2.13,0.43,0
2025/03/13 17:00,0.14,1.56,0.01,0.01
2025/03/13 18:00,0,0.9,0.01,0.01
2025/03/13 19:00,0,1.16,0.01,0.07
2025/03/13 20:00,0,0.69,0,0
2025/03/13 21:00,0,0.98,0,0.08
2025/03/13 22:00,0,0.62,0,0.66
2025/03/13 23:00,0,0.5,0,0.54
2025/03/14 00:00,0,0.53,0,0.57
2025/03/14 01:00,0,0.51,0,0.54
2025/03/14 02:00,0,1,0,1.04
2025/03/14 03:00,0,0.42,0,0.45
2025/03/14 04:00,0,0.75,0,0.79
2025/03/14 05:00,0,0.55,0,0.59
2025/03/14 06:00,0.32,0.51,0,0.29
2025/03/14 07:00,2.18,1.37,0.01,0.05
2025/03/14 08:00,5,0.85,0.57,0.01
2025/03/14 09:00,6.89,0.66,4.03,0.01
2025/03/14 10:00,7.54,0.64,6.9,0
2025/03/14 11:00,7.36,0.6,6.75,0
2025/03/14 12:00,8.63,0.64,7.99,0
2025/03/14 13:00,7.9,0.59,7.31,0
2025/03/14 14:00,6.07,0.6,5.46,0
2025/03/14 15:00,2.99,1.57,1.64,0
2025/03/14 16:00,1.24,2.51,0.02,0
2025/03/14 17:00,0.1,2.12,0.01,0.01
2025/03/14 18:00,0,1.21,0,0.01
2025/03/14 19:00,0,1.1,0.01,0.5
2025/03/14 20:00,0,0.8,0,0.84
2025/03/14 21:00,0,0.87,0,0.91
2025/03/14 22:00,0,0.61,0,0.65
2025/03/14 23:00,0,0.47,0,0.51
2025/03/15 00:00,0,1.07,0,1.11
2025/03/15 01:00,0,0.49,0,0.53
2025/03/15 02:00,0,0.53,0,0.57
2025/03/15 03:00,0,0.55,0,0.59
2025/03/15 04:00,0,0.5,0,0.53
2025/03/15 05:00,0,1.46,0,1.49
2025/03/15 06:00,0.06,0.73,0,0.68
2025/03/15 07:00,1.95,0.68,0,0.19
2025/03/15 08:00,5.99,0.85,1.01,0.01
2025/03/15 09:00,7.18,1.35,4.9,0
2025/03/15 10:00,8.12,0.75,7.38,0
2025/03/15 11:00,7.94,0.65,7.28,0
2025/03/15 12:00,4.88,0.99,3.9,0
2025/03/15 13:00,3.93,1.54,2.39,0
2025/03/15 14:00,2.83,0.64,2.2,0
2025/03/15 15:00,1.97,1.22,0.94,0
2025/03/15 16:00,1.03,2.29,0.01,0
2025/03/15 17:00,0.15,1.66,0.01,0.01
2025/03/15 18:00,0,0.55,0,0
2025/03/15 19:00,0,0.55,0.01,0
2025/03/15 20:00,0,0.64,0,0
2025/03/15 21:00,0,0.91,0,0.31
2025/03/15 22:00,0,0.57,0,0.61
2025/03/15 23:00,0,0.55,0,0.59
2025/03/16 00:00,0,0.59,0,0.63
2025/03/16 01:00,0,0.53,0,0.57
2025/03/16 02:00,0,0.76,0,0.8
2025/03/16 03:00,0,0.73,0,0.77
2025/03/16 04:00,0,0.79,0,0.82
2025/03/16 05:00,0,0.81,0,0.85
2025/03/16 06:00,0.11,0.74,0,0.64
2025/03/16 07:00,0.7,1.01,0,0.39
2025/03/16 08:00,1.34,1.24,0.01,0.01
2025/03/16 09:00,1.13,1.07,0.01,0.01
2025/03/16 10:00,0.87,0.73,0.01,0
2025/03/16 11:00,1.25,0.76,0.01,0
2025/03/16 12:00,1.26,1.08,0,0
2025/03/16 13:00,0.97,1.04,0,0
2025/03/16 14:00,0.7,2.54,0,1.23
2025/03/16 15:00,0.35,2.64,0,2.31
2025/03/16 16:00,0.1,2.67,0,2.57
2025/03/16 17:00,0,2.75,0,2.77
2025/03/16 18:00,0,2.77,0,2.81
2025/03/16 19:00,0,2.39,0,2.43
2025/03/16 20:00,0,1.07,0,1.11
2025/03/16 21:00,0,0.73,0,0.77
2025/03/16 22:00,0,0.69,0,0.73
2025/03/16 23:00,0,0.53,0,0.57
2025/03/17 00:00,0,0.65,0,0.69
2025/03/17 01:00,0,0.63,0,0.67
2025/03/17 02:00,0,0.59,0,0.63
2025/03/17 03:00,0,0.59,0,0.63
2025/03/17 04:00,0,1.04,0,1.08
2025/03/17 05:00,0,0.6,0,0.64
2025/03/17 06:00,0.01,1.08,0,1.09
2025/03/17 07:00,0.08,0.7,0,0.63
2025/03/17 08:00,0.17,0.87,0,0.71
2025/03/17 09:00,0.33,0.72,0,0.4
2025/03/17 10:00,0.49,1.21,0,0.73
2025/03/17 11:00,0.65,0.69,0,0.16
2025/03/17 12:00,0.93,0.78,0,0.07
2025/03/17 13:00,1.41,1.88,0,0.19
2025/03/17 14:00,1.47,0.71,0,0
2025/03/17 15:00,2.38,2.17,0.01,0.01
2025/03/17 16:00,1.46,2.47,0,0.17
2025/03/17 17:00,0.16,1.47,0,1.32
2025/03/17 18:00,0,0.78,0,0.82
2025/03/17 19:00,0,0.91,0,0.95
2025/03/17 20:00,0,1.07,0,1.1
2025/03/17 21:00,0,1.31,0,1.35
2025/03/17 22:00,0,0.7,0,0.74
2025/03/17 23:00,0,0.61,0,0.65
2025/03/18 00:00,0,0.63,0,0.67
2025/03/18 01:00,0,0.6,0,0.64
2025/03/18 02:00,0,0.59,0,0.63
2025/03/18 03:00,0,0.6,0,0.63
2025/03/18 04:00,0,1.03,0,1.07
2025/03/18 05:00,0,0.65,0,0.69
2025/03/18 06:00,0,1,0,1.02
2025/03/18 07:00,0.06,0.64,0,0.6
2025/03/18 08:00,0,1.01,0,1.02
2025/03/18 09:00,0.04,0.81,0,0.78
2025/03/18 10:00,0.12,0.99,0,0.88
2025/03/18 11:00,0.12,0.78,0,0.67
2025/03/18 12:00,0.71,1.06,0,0.57
2025/03/18 13:00,2.76,0.72,0.22,0
2025/03/18 14:00,3.28,2.13,0.04,0.01
2025/03/18 15:00,3.08,2.66,0.01,0.01
2025/03/18 16:00,1.6,2.64,0.01,0.01
2025/03/18 17:00,0.16,1.74,0.01,0.01
2025/03/18 18:00,0,1.03,0,0.78
2025/03/18 19:00,0,1.31,0,1.35
2025/03/18 20:00,0,0.92,0,0.96
2025/03/18 21:00,0,0.92,0,0.96
2025/03/18 22:00,0,0.94,0,0.98
2025/03/18 23:00,0,1.02,0,1.06
2025/03/19 00:00,0,0.66,0,0.7
2025/03/19 01:00,0,1.01,0,1.05
2025/03/19 02:00,0,1.94,0,1.98
2025/03/19 03:00,0,1.05,0,1.09
2025/03/19 04:00,0,0.97,0,1.01
2025/03/19 05:00,0,1.22,0,1.25
2025/03/19 06:00,0.13,0.99,0,0.87
2025/03/19 07:00,0.65,1.04,0,0.42
2025/03/19 08:00,1.4,1.11,0,0
2025/03/19 09:00,2.1,0.84,0,0
2025/03/19 10:00,3.15,1.88,0.16,0
2025/03/19 11:00,4.64,0.8,0.53,0
2025/03/19 12:00,3.89,0.95,2.58,0
2025/03/19 13:00,4.27,0.73,3.55,0
2025/03/19 14:00,4.04,0.71,3.33,0
2025/03/19 15:00,2.71,1.37,1.6,0
2025/03/19 16:00,1,2.44,0,0
2025/03/19 17:00,0.15,2.19,0.01,0.01
2025/03/19 18:00,0,2.35,0,0.87
2025/03/19 19:00,0,2.85,0,2.89
2025/03/19 20:00,0,0.91,0,0.95
2025/03/19 21:00,0,1.05,0,1.09
2025/03/19 22:00,0,0.71,0,0.75
2025/03/19 23:00,0,0.76,0,0.79
2025/03/20 00:00,0,0.59,0,0.63
2025/03/20 01:00,0,0.76,0,0.8
2025/03/20 02:00,0,0.78,0,0.82
2025/03/20 03:00,0,0.68,0,0.72
2025/03/20 04:00,0,0.97,0,1.01
2025/03/20 05:00,0,0.79,0,0.82
2025/03/20 06:00,0.11,0.94,0,0.84
2025/03/20 07:00,0.48,0.97,0,0.62
2025/03/20 08:00,4.64,0.81,1.48,0.01
2025/03/20 09:00,5.49,0.77,1.17,0.01
2025/03/20 10:00,2.69,0.89,1.49,0
2025/03/20 11:00,3.28,0.74,2.53,0
2025/03/20 12:00,4.52,1.05,3.47,0
2025/03/20 13:00,2,0.68,1.32,0
2025/03/20 14:00,1.18,0.72,0.46,0
2025/03/20 15:00,0.76,2,0.08,0
2025/03/20 16:00,0.36,3.39,0.01,0.01
2025/03/20 17:00,0.13,2.64,0,1.74
2025/03/20 18:00,0,2.95,0,2.98
2025/03/20 19:00,0,2.21,0,2.24
2025/03/20 20:00,0,1.09,0,1.12
2025/03/20 21:00,0,0.86,0,0.89
2025/03/20 22:00,0,0.63,0,0.66
2025/03/20 23:00,0,0.56,0,0.59
2025/03/21 00:00,0,0.61,0,0.64
2025/03/21 01:00,0,0.71,0,0.74
2025/03/21 02:00,0,0.52,0,0.55
2025/03/21 03:00,0,0.56,0,0.59
2025/03/21 04:00,0,0.95,0,0.98
2025/03/21 05:00,0,0.55,0,0.57
2025/03/21 06:00,0.75,0.89,0,0.42
2025/03/21 07:00,2.02,0.67,0.01,0.01
2025/03/21 08:00,2.45,0.82,0.01,0
2025/03/21 09:00,0.95,0.69,0,0
2025/03/21 10:00,2.3,0.74,0,0
2025/03/21 11:00,2.27,0.71,0.36,0
2025/03/21 12:00,1.2,0.82,0.5,0
2025/03/21 13:00,0.75,0.68,0.21,0
2025/03/21 14:00,1.86,0.69,1.25,0
2025/03/21 15:00,2.79,1.31,1.8,0
2025/03/21 16:00,0.59,2.23,0.01,0.01
2025/03/21 17:00,0.07,1.75,0.01,0.01
2025/03/21 18:00,0,0.95,0.01,0.02
2025/03/21 19:00,0,1.04,0,0.59
2025/03/21 20:00,0,0.83,0,0.87
2025/03/21 21:00,0,0.91,0,0.95
2025/03/21 22:00,0,0.49,0,0.53
2025/03/21 23:00,0,0.58,0,0.62
2025/03/22 00:00,0,0.48,0,0.52
2025/03/22 01:00,0,0.57,0,0.6
2025/03/22 02:00,0,0.55,0,0.59
2025/03/22 03:00,0,0.56,0,0.59
2025/03/22 04:00,0,1.4,0,1.44
2025/03/22 05:00,0,0.62,0,0.64
2025/03/22 06:00,0.08,0.32,0,0.25
